279
279.6
280.2
280.8
281.4
282
282.6
283.2
283.8
284.4
285
285.6
286.2
286.8
287.4
288
288.6
289.2
289.8
290.4
291
291.6
292.2
292.8
293.4
294
294.6
295.2
295.8
296.4
297
297.6
298.2
298.8
299.4
300
300.6
301.2
301.8
302.4
303
303.6
304.2
304.8
305.4
306
306.6
307.2
307.8
308.4
309
309.6
310.2
310.8
311.4
312
312.6
313.2
313.8
314.4
315
315.6
316.2
316.8
317.4
318
318.6
319.2
319.8
320.4
321
321.6
322.2
322.8
323.4
324
324.6
325.2
325.8
326.4
327
327.6
328.2
328.8
329.4
330
330.6
331.2
331.8
332.4
333
333.6
334.2
334.8
335.4
336
336.6
337.2
337.8
338.4
339
339.6
340.2
340.8
341.4
342
342.6
343.2
343.8
344.4
345
345.6
346.2
346.8
347.4
348
348.6
349.2
349.8
350.4
351
351.6
352.2
352.8
353.4
354
354.6
355.2
355.8
356.4
357
357.6
358.2
358.8
359.4
360
360.6
361.2
361.8
362.4
363
363.6
364.2
364.8
365.4
366
366.6
367.2
367.8
368.4
369
369.6
370.2
370.8
371.4
372
372.6
373.2
373.8
374.4
375
375.6
376.2
376.8
377.4
378
378.6
379.2
379.8
380.4
381
381.6
382.2
382.8
383.4
384
384.6
385.2
385.8
386.4
387
387.6
388.2
388.8
389.4
390
390.6
391.2
391.8
392.4
393
393.6
394.2
394.8
395.4
396
396.6
397.2
397.8
398.4
399
399.6
400.2
400.8
401.4
402
402.6
403.2
403.8
404.4
405
405.6
406.2
406.8
407.4
408
408.6
409.2
409.8
410.4
411
411.6
412.2
412.8
413.4
414
414.6
415.2
415.8
416.4
417
417.6
418.2
418.8
419.4
420
420.6
421.2
421.8
422.4
423
423.6
424.2
424.8
425.4
426
426.6
427.2
427.8
428.4
429
429.6
430.2
430.8
431.4
432
432.6
433.2
433.8
434.4
435
435.6
436.2
436.8
437.4
438
438.6
439.2
439.8
440.4
441
441.6
442.2
442.8
443.4
444
444.6
445.2
445.8
446.4
447
447.6
448.2
448.8
449.4
450
450.6
451.2
451.8
452.4
453
453.6
454.2
454.8
455.4
456
456.6
457.2
457.8
458.4
459
459.6
460.2
460.8
461.4
462
462.6
463.2
463.8
464.4
465
465.6
466.2
466.8
467.4
468
468.6
469.2
469.8
470.4
471
471.6
472.2
472.8
473.4
474
474.6
475.2
475.8
476.4
477
477.6
478.2
478.8
479.4
480
480.6
481.2
481.8
482.4
483
483.6
484.2
484.8
485.4
486
486.6
487.2
487.8
488.4
489
489.6
490.2
490.8
491.4
492
492.6
493.2
493.8
494.4
495
495.6
496.2
496.8
497.4
498
498.6
499.2
499.8
500.4
501
501.6
502.2
502.8
503.4
504
504.6
505.2
505.8
506.4
507
507.6
508.2
508.8
509.4
510
510.6
511.2
511.8
512.4
513
513.6
514.2
514.8
515.4
516
516.6
517.2
517.8
518.4
519
519.6
520.2
520.8
521.4
522
522.6
523.2
523.8
524.4
525
525.6
526.2
526.8
527.4
528
528.6
529.2
529.8
530.4
531
531.6
532.2
532.8
533.4
534
534.6
535.2
535.8
536.4
537
537.6
538.2
538.8
539.4
540
540.6
541.2
541.8
542.4
543
543.6
544.2
544.8
545.4
546
546.6
547.2
547.8
548.4
549
549.6
550.2
550.8
551.4
552
552.6
553.2
553.8
554.4
555
555.6
556.2
556.8
557.4
558
558.6
559.2
559.8
560.4
561
561.6
562.2
562.8
563.4
564
564.6
565.2
565.8
566.4
567
567.6
568.2
568.8
569.4
570
570.6
571.2
571.8
572.4
573
573.6
574.2
574.8
575.4
576
576.6
577.2
577.8
578.4
579
579.6
580.2
580.8
581.4
582
582.6
583.2
583.8
584.4
585
585.6
586.2
586.8
587.4
588
588.6
589.2
589.8
590.4
591
591.6
592.2
592.8
593.4
594
594.6
595.2
595.8
596.4
597
597.6
598.2
598.8
599.4
600
600.6
601.2
601.8
602.4
603
603.6
604.2
604.8
605.4
606
606.6
607.2
607.8
608.4
609
609.6
610.2
610.8
611.4
612
612.6
613.2
613.8
614.4
615
615.6
616.2
616.8
617.4
618
618.6
619.2
619.8
620.4
621
621.6
622.2
622.8
623.4
624
624.6
625.2
625.8
626.4
627
627.6
628.2
628.8
629.4
630
630.6
631.2
631.8
632.4
633
633.6
634.2
634.8
635.4
636
636.6
637.2
637.8
638.4
639
639.6
640.2
640.8
641.4
642
642.6
643.2
643.8
644.4
645
645.6
646.2
646.8
647.4
648
648.6
649.2
649.8
650.4
651
651.6
652.2
652.8
653.4
654
654.6
655.2
655.8
656.4
657
657.6
658.2
658.8
659.4
660
660.6
661.2
661.8
662.4
663
663.6
664.2
664.8
665.4
666
666.6
667.2
667.8
668.4
669
669.6
670.2
670.8
671.4
672
672.6
673.2
673.8
674.4
675
675.6
676.2
676.8
677.4
678
678.6
679.2
679.8
680.4
681
681.6
682.2
682.8
683.4
684
684.6
685.2
685.8
686.4
687
687.6
688.2
688.8
689.4
690
690.6
691.2
691.8
692.4
693
693.6
694.2
694.8
695.4
696
696.6
697.2
697.8
698.4
699
699.6
700.2
700.8
701.4
702
702.6
703.2
703.8
704.4
705
705.6
706.2
706.8
707.4
708
708.6
709.2
709.8
710.4
711
711.6
712.2
712.8
713.4
714
714.6
715.2
715.8
716.4
717
717.6
718.2
718.8
719.4
720
720.6
721.2
721.8
722.4
723
723.6
724.2
724.8
725.4
726
726.6
727.2
727.8
728.4
729
729.6
730.2
730.8
731.4
732
732.6
733.2
733.8
734.4
735
735.6
736.2
736.8
737.4
738
738.6
739.2
739.8
740.4
741
741.6
742.2
742.8
743.4
744
744.6
745.2
745.8
746.4
747
747.6
748.2
748.8
749.4
750
750.6
751.2
751.8
752.4
753
753.6
754.2
754.8
755.4
756
756.6
757.2
757.8
758.4
759
759.6
760.2
760.8
761.4
762
762.6
763.2
763.8
764.4
765
765.6
766.2
766.8
767.4
768
768.6
769.2
769.8
770.4
771
771.6
772.2
772.8
773.4
774
774.6
775.2
775.8
776.4
777
777.6
778.2
778.8
779.4
780
780.6
781.2
781.8
782.4
783
783.6
784.2
784.8
785.4
786
786.6
787.2
787.8
788.4
789
789.6
790.2
790.8
791.4
792
792.6
793.2
793.8
794.4
795
795.6
796.2
796.8
797.4
798
798.6
799.2
799.8
800.4
801
801.6
802.2
802.8
803.4
804
804.6
805.2
805.8
806.4
807
807.6
808.2
808.8
809.4
810
810.6
811.2
811.8
812.4
813
813.6
814.2
814.8
815.4
816
816.6
817.2
817.8
818.4
819
819.6
820.2
820.8
821.4
822
822.6
823.2
823.8
824.4
825
825.6
826.2
826.8
827.4
828
828.6
829.2
829.8
830.4
831
831.6
832.2
832.8
833.4
834
834.6
835.2
835.8
836.4
837
837.6
838.2
838.8
839.4
840
840.6
841.2
841.8
842.4
843
843.6
844.2
844.8
845.4
846
846.6
847.2
847.8
848.4
849
849.6
850.2
850.8
851.4
852
852.6
853.2
853.8
854.4
855
855.6
856.2
856.8
857.4
858
858.6
859.2
859.8
860.4
861
861.6
862.2
862.8
863.4
864
864.6
865.2
865.8
866.4
867
867.6
868.2
868.8
869.4
870
870.6
871.2
871.8
872.4
873
873.6
874.2
874.8
875.4
876
876.6
877.2
877.8
878.4
879
879.6
880.2
880.8
881.4
882
882.6
883.2
883.8
884.4
885
885.6
886.2
886.8
887.4
888
888.6
889.2
889.8
890.4
891
891.6
892.2
892.8
893.4
894
894.6
895.2
895.8
896.4
897
897.6
898.2
898.8
899.4
900
900.6
901.2
901.8
902.4
903
903.6
904.2
904.8
905.4
906
906.6
907.2
907.8
908.4
909
909.6
910.2
910.8
911.4
912
912.6
913.2
913.8
914.4
915
915.6
916.2
916.8
917.4
918
918.6
919.2
919.8
920.4
921
921.6
922.2
922.8
923.4
924
924.6
925.2
925.8
926.4
927
927.6
928.2
928.8
929.4
930
930.6
931.2
931.8
932.4
933
933.6
934.2
934.8
935.4
936
936.6
937.2
937.8
938.4
939
939.6
940.2
940.8
941.4
942
942.6
943.2
943.8
944.4
945
945.6
946.2
946.8
947.4
948
948.6
949.2
949.8
950.4
951
951.6
952.2
952.8
953.4
954
954.6
955.2
955.8
956.4
957
957.6
958.2
958.8
959.4
960
960.6
961.2
961.8
962.4
963
963.6
964.2
964.8
965.4
966
966.6
967.2
967.8
968.4
969
969.6
970.2
970.8
971.4
972
972.6
973.2
973.8
974.4
975
975.6
976.2
976.8
977.4
978
978.6
979.2
979.8
980.4
981
981.6
982.2
982.8
983.4
984
984.6
985.2
985.8
986.4
987
987.6
988.2
988.8
989.4
990
990.6
991.2
991.8
992.4
993
993.6
994.2
994.8
995.4
996
996.6
997.2
997.8
998.4
999
999.6
1000.2
1000.8
1001.4
1002
1002.6
1003.2