288.6
289.3
290
290.7
291.4
292.1
292.8
293.5
294.2
294.9
295.6
296.3
296.9
297.6
298.3
299
299.7
300.4
301.1
301.8
302.5
303.2
303.9
304.6
305.2
305.9
306.6
307.3
308
308.7
309.4
310.1
310.8
311.5
312.2
312.9
313.5
314.2
314.9
315.6
316.3
317
317.7
318.4
319.1
319.8
320.5
321.2
321.8
322.5
323.2
323.9
324.6
325.3
326
326.7
327.4
328.1
328.8
329.5
330.2
330.8
331.5
332.2
332.9
333.6
334.3
335
335.7
336.4
337.1
337.8
338.5
339.1
339.8
340.5
341.2
341.9
342.6
343.3
344
344.7
345.4
346.1
346.8
347.4
348.1
348.8
349.5
350.2
350.9
351.6
352.3
353
353.7
354.4
355.1
355.7
356.4
357.1
357.8
358.5
359.2
359.9
360.6
361.3
362
362.7
363.4
364.1
364.7
365.4
366.1
366.8
367.5
368.2
368.9
369.6
370.3
371
371.7
372.4
373
373.7
374.4
375.1
375.8
376.5
377.2
377.9
378.6
379.3
380
380.7
381.3
382
382.7
383.4
384.1
384.8
385.5
386.2
386.9
387.6
388.3
389
389.6
390.3
391
391.7
392.4
393.1
393.8
394.5
395.2
395.9
396.6
397.3
397.9
398.6
399.3
400
400.7
401.4
402.1
402.8
403.5
404.2
404.9
405.6
406.3
406.9
407.6
408.3
409
409.7
410.4
411.1
411.8
412.5
413.2
413.9
414.6
415.2
415.9
416.6
417.3
418
418.7
419.4
420.1
420.8
421.5
422.2
422.9
423.5
424.2
424.9
425.6
426.3
427
427.7
428.4
429.1
429.8
430.5
431.2
431.8
432.5
433.2
433.9
434.6
435.3
436
436.7
437.4
438.1
438.8
439.5
440.2
440.8
441.5
442.2
442.9
443.6
444.3
445
445.7
446.4
447.1
447.8
448.5
449.1
449.8
450.5
451.2
451.9
452.6
453.3
454
454.7
455.4
456.1
456.8
457.4
458.1
458.8
459.5
460.2
460.9
461.6
462.3
463
463.7
464.4
465.1
465.7
466.4
467.1
467.8
468.5
469.2
469.9
470.6
471.3
472
472.7
473.4
474.1
474.7
475.4
476.1
476.8
477.5
478.2
478.9
479.6
480.3
481
481.7
482.4
483
483.7
484.4
485.1
485.8
486.5
487.2
487.9
488.6
489.3
490
490.7
491.3
492
492.7
493.4
494.1
494.8
495.5
496.2
496.9
497.6
498.3
499
499.6
500.3
501
501.7
502.4
503.1
503.8
504.5
505.2
505.9
506.6
507.3
507.9
508.6
509.3
510
510.7
511.4
512.1
512.8
513.5
514.2
514.9
515.6
516.3
516.9
517.6
518.3
519
519.7
520.4
521.1
521.8
522.5
523.2
523.9
524.6
525.2
525.9
526.6
527.3
528
528.7
529.4
530.1
530.8
531.5
532.2
532.9
533.5
534.2
534.9
535.6
536.3
537
537.7
538.4
539.1
539.8
540.5
541.2
541.8
542.5
543.2
543.9
544.6
545.3
546
546.7
547.4
548.1
548.8
549.5
550.2
550.8
551.5
552.2
552.9
553.6
554.3
555
555.7
556.4
557.1
557.8
558.5
559.1
559.8
560.5
561.2
561.9
562.6
563.3
564
564.7
565.4
566.1
566.8
567.4
568.1
568.8
569.5
570.2
570.9
571.6
572.3
573
573.7
574.4
575.1
575.7
576.4
577.1
577.8
578.5
579.2
579.9
580.6
581.3
582
582.7
583.4
584.1
584.7
585.4
586.1
586.8
587.5
588.2
588.9
589.6
590.3
591
591.7
592.4
593
593.7
594.4
595.1
595.8
596.5
597.2
597.9
598.6
599.3
600
600.7
601.3
602
602.7
603.4
604.1
604.8
605.5
606.2
606.9
607.6
608.3
609
609.6
610.3
611
611.7
612.4
613.1
613.8
614.5
615.2
615.9
616.6
617.3
617.9
618.6
619.3
620
620.7
621.4
622.1
622.8
623.5
624.2
624.9
625.6
626.3
626.9
627.6
628.3
629
629.7
630.4
631.1
631.8
632.5
633.2
633.9
634.6
635.2
635.9
636.6
637.3
638
638.7
639.4
640.1
640.8
641.5
642.2
642.9
643.5
644.2
644.9
645.6
646.3
647
647.7
648.4
649.1
649.8
650.5
651.2
651.8
652.5
653.2
653.9
654.6
655.3
656
656.7
657.4
658.1
658.8
659.5
660.2
660.8
661.5
662.2
662.9
663.6
664.3
665
665.7
666.4
667.1
667.8
668.5
669.1
669.8
670.5
671.2
671.9
672.6
673.3
674
674.7
675.4
676.1
676.8
677.4
678.1
678.8
679.5
680.2
680.9
681.6
682.3
683
683.7
684.4
685.1
685.7
686.4
687.1
687.8
688.5
689.2
689.9
690.6
691.3
692
692.7
693.4
694.1
694.7
695.4
696.1
696.8
697.5
698.2
698.9
699.6
700.3
701
701.7
702.4
703
703.7
704.4
705.1
705.8
706.5
707.2
707.9
708.6
709.3
710
710.7
711.3
712
712.7
713.4
714.1
714.8
715.5
716.2
716.9
717.6
718.3
719
719.6
720.3
721
721.7
722.4
723.1
723.8
724.5
725.2
725.9
726.6
727.3
727.9
728.6
729.3
730
730.7
731.4
732.1
732.8
733.5
734.2
734.9
735.6
736.3
736.9
737.6
738.3
739
739.7
740.4
741.1
741.8
742.5
743.2
743.9
744.6
745.2
745.9
746.6
747.3
748
748.7
749.4
750.1
750.8
751.5
752.2
752.9
753.5
754.2
754.9
755.6
756.3
757
757.7
758.4
759.1
759.8
760.5
761.2
761.8
762.5
763.2
763.9
764.6
765.3
766
766.7
767.4
768.1
768.8
769.5
770.2
770.8
771.5
772.2
772.9
773.6
774.3
775
775.7
776.4
777.1
777.8
778.5
779.1
779.8
780.5
781.2
781.9
782.6
783.3
784
784.7
785.4
786.1
786.8
787.4
788.1
788.8
789.5
790.2
790.9
791.6
792.3
793
793.7
794.4
795.1
795.7
796.4
797.1
797.8
798.5
799.2
799.9
800.6
801.3
802
802.7
803.4
804.1
804.7
805.4
806.1
806.8
807.5
808.2
808.9
809.6
810.3
811
811.7
812.4
813
813.7
814.4
815.1
815.8
816.5
817.2
817.9
818.6
819.3
820
820.7
821.3
822
822.7
823.4
824.1
824.8
825.5
826.2
826.9
827.6
828.3
829
829.6
830.3
831
831.7
832.4
833.1
833.8
834.5
835.2
835.9
836.6
837.3
837.9
838.6
839.3
840
840.7
841.4
842.1
842.8
843.5
844.2
844.9
845.6
846.3
846.9
847.6
848.3
849
849.7
850.4
851.1
851.8
852.5
853.2
853.9
854.6
855.2
855.9
856.6
857.3
858
858.7
859.4
860.1
860.8
861.5
862.2
862.9
863.5
864.2
864.9
865.6
866.3
867
867.7
868.4
869.1
869.8
870.5
871.2
871.8
872.5
873.2
873.9
874.6
875.3
876
876.7
877.4
878.1
878.8
879.5
880.2
880.8
881.5
882.2
882.9
883.6
884.3
885
885.7
886.4
887.1
887.8
888.5
889.1
889.8
890.5
891.2
891.9
892.6
893.3
894
894.7
895.4
896.1
896.8
897.4
898.1
898.8
899.5
900.2
900.9
901.6
902.3
903
903.7
904.4
905.1
905.7
906.4
907.1
907.8
908.5
909.2
909.9
910.6
911.3
912
912.7
913.4
914.1
914.7
915.4
916.1
916.8
917.5
918.2
918.9
919.6
920.3
921
921.7
922.4
923
923.7
924.4
925.1
925.8
926.5
927.2
927.9
928.6
929.3
930
930.7
931.3
932
932.7
933.4
934.1
934.8
935.5
936.2
936.9
937.6
938.3
939
939.6
940.3
941
941.7
942.4
943.1
943.8
944.5
945.2
945.9
946.6
947.3
947.9
948.6
949.3
950
950.7
951.4
952.1
952.8
953.5
954.2
954.9
955.6
956.3
956.9
957.6
958.3
959
959.7
960.4
961.1
961.8
962.5
963.2
963.9
964.6
965.2
965.9
966.6
967.3
968
968.7
969.4
970.1
970.8
971.5
972.2
972.9
973.5
974.2
974.9
975.6
976.3
977
977.7
978.4
979.1
979.8
980.5
981.2
981.8
982.5
983.2
983.9
984.6
985.3
986
986.7
987.4
988.1
988.8
989.5
990.2
990.8
991.5
992.2
992.9
993.6
994.3
995
995.7
996.4
997.1
997.8
998.5
999.1
999.8
1000.5
1001.2
1001.9
1002.6
1003.3
1004
1004.7
1005.4
1006.1
1006.8
1007.4
1008.1
1008.8
1009.5
1010.2
1010.9
1011.6
1012.3
1013
1013.7
1014.4
1015.1
1015.7
1016.4
1017.1
1017.8
1018.5
1019.2
1019.9
1020.6
1021.3
1022
1022.7
1023.4
1024.1
1024.7
1025.4
1026.1
1026.8
1027.5
1028.2
1028.9
1029.6
1030.3
1031
1031.7
1032.4
1033
1033.7
1034.4
1035.1
1035.8
1036.5
1037.2
1037.9
1038.6
1039.3
1040
1040.7
1041.3
1042
1042.7
1043.4
1044.1
1044.8
1045.5
1046.2
1046.9
1047.6
1048.3
1049
1049.6
1050.3
1051
1051.7
1052.4
1053.1
1053.8
1054.5
1055.2
1055.9
1056.6
1057.3
1057.9
1058.6
1059.3
1060
1060.7
1061.4
1062.1
1062.8
1063.5
1064.2
1064.9
1065.6
1066.3
1066.9
1067.6
1068.3
1069
1069.7
1070.4
1071.1
1071.8
1072.5
1073.2
1073.9
1074.6
1075.2
1075.9
1076.6
1077.3
1078
1078.7
1079.4
1080.1
1080.8
1081.5
1082.2
1082.9
1083.5
1084.2
1084.9
1085.6
1086.3
1087
1087.7
1088.4
1089.1
1089.8
1090.5
1091.2
1091.8
1092.5
1093.2
1093.9
1094.6
1095.3
1096
1096.7
1097.4
1098.1
1098.8
1099.5
1100.2
1100.8
1101.5
1102.2
1102.9
1103.6
1104.3
1105
1105.7
1106.4
1107.1
1107.8
1108.5
1109.1
1109.8
1110.5
1111.2
1111.9
1112.6
1113.3
1114
1114.7
1115.4
1116.1
1116.8
1117.4
1118.1
1118.8
1119.5
1120.2
1120.9
1121.6
1122.3
1123
1123.7